d3q: [0, 0, 0, 0, 0, 0, 0]
d4q: [0, 0, 0, 0, 0, 0, 0]
ddq: [0, 0, 0, 0, 0, 0, 0]
ddqr: [0, 0, 0, 0, 0, 0, 0]
dq: [0, 0, 0, 0, 0, 0, 0]
dqr: [0, 0, 0, 0, 0, 0, 0]
q: [0, 0, 0, 0, 0, 0, 0]
w: [0, 0, 0, 0, 0, 0]
par_Ln2EE: [0.0, 0.0, 0.0, 0.0, 0.0, 0.0]
par_DYN: [4.970684, 0.003875, 0.002081, -0.04762, 0.70337, -0.000139, 0.006772, 0.70661, 0.019169, 0.009117, 0.646926, -0.003141, -0.02872, 0.003495, 0.007962, -0.003925, 0.010254, 0.02811, 0.000704, 0.025995, 3.228604, 0.027518, 0.039252, -0.066502, 0.037242, -0.004761, -0.011396, 0.036155, -0.012805, 0.01083, 3.587895, -0.05317, 0.104419, 0.027454, 0.025853, 0.007796, -0.001332, 0.019552, 0.008641, 0.028323, 1.225946, -0.011953, 0.041065, -0.038437, 0.035549, -0.002117, -0.004037, 0.029474, 0.000229, 0.008627, 1.666555, 0.060149, -0.014117, -0.010517, 0.001964, 0.000109, -0.001158, 0.004354, 0.000341, 0.005433, 0.735522, 0.010517, -0.004252, -0.045403, 0.012516, -0.000428, -0.001196, 0.010027, -0.000741, 0.004815]
par_REG: [4.970684, 0.0192614005, 0.010343993404000001, -0.23670397208000002, 0.7146633690007234, -0.0001790829744405, 0.007689227891810001, 0.7179564810773871, 0.019661580965898477, 0.009213163777211224, 0.646926, -0.002031994566, -0.018579714719999998, 0.0022610063699999997, 0.00850351162402155, -0.00398335888393552, 0.01026110182100817, 0.028124284712194955, 0.0007689361029464, 0.026534991901690206, 3.228604, 0.088844724872, 0.126729164208, -0.214708623208, 0.05649492601407083, -0.008248333140675744, -0.005487648106562256, 0.05287838199960611, -0.004377257121839584, 0.01824920229252011, 3.587895, -0.19076837715, 0.374644408005, 0.09850206933, 0.0676772702508599, 0.02771584317362585, 0.0039053550262760995, 0.03239943042445132, -0.0016444875773692705, 0.0775861490525396, 1.225946, -0.014653732538, 0.05034347249, -0.047121686402, 0.03942757095803552, -0.00151524447332703, -0.004600245517563105, 0.03146037232526039, 0.0021640520520981297, 0.010869510762828563, 1.666555, 0.10024161669500001, -0.023526756935, -0.017527158935000002, 0.00248046035817079, 0.0015241109028833152, -0.0001037589172186847, 0.01056776613310695, 9.356909731460494e-05, 0.011794560230238952, 0.735522, 0.007735484874, -0.0031274395439999996, -0.033394905366, 0.014045526761273585, -0.000395108718315752, -0.000844785780265778, 0.011624582982752355, -0.000882995137616232, 0.004909651967360946]
par_Dl: [-0.0021159553505213104, 0.003765970020182427, 0.001162419028125326, 0.003171923777637176, -0.0003553461399890926, 0.004617089659806006, 0.009385646507516632, -0.02399395325439191, -0.0019864839083103183, 0.003329275729299433, -0.00456128215096303, 0.014842055416800146, -0.00014298793314670042, 0.0031869580482495195]
par_REG_red: [0.043190860578791755, -0.048852746056205466, -3.249155526812283, 0.9738389229861174, -0.013590570369141236, -0.09859635325913903, -0.008019359256744947, 1.0860598585240413, 0.76331290725425, 0.02832390084263389, 0.046558950874750864, 0.012975541150198144, -0.0005188790006945299, 0.0038532450622599163, 0.12662950071302823, -0.5192893360215838, 1.9114353667251294, 0.6264679876632687, 0.1595128280269722, 0.009153239366235749, 0.004241866660356179, 0.7063119917307472, -0.015273446443854097, 0.06701152039676922, 0.04152609989006281, 0.0016614569949621658, -0.006409459841847164, 0.00047276138695873137, 0.03105095109573252, 0.2090497071253076, -0.20510755558056923, 0.03116021358044524, 0.017602497674247795, -0.0028112230468055437, 0.001100944296057948, 0.07722069905870349, 0.007482230234106745, -0.0004003747849692, 0.0020805105235091248, -0.0003597546796835087, 0.00017225476282638257, -0.0015097800927275256, 0.006945888528119841]
