d3q: [0, 0, 0, 0, 0, 0, 0]
d4q: [0, 0, 0, 0, 0, 0, 0]
ddq: [0, 0, 0, 0, 0, 0, 0]
ddqr: [0, 0, 0, 0, 0, 0, 0]
dq: [0, 0, 0, 0, 0, 0, 0]
dqr: [0, 0, 0, 0, 0, 0, 0]
q: [0, 0, 0, 0, 0, 0, 0]
w: [0, 0, 0, 0, 0, 0]
par_Ln2EE: [0.0, 0.0, 0.0, 0.0, 0.0, 0.0]
par_DYN: [4.970684, 0.003875, 0.002081, -0.04762, 0.70337, -0.000139, 0.006772, 0.70661, 0.019169, 0.009117, 0.646926, -0.003141, -0.02872, 0.003495, 0.007962, -0.003925, 0.010254, 0.02811, 0.000704, 0.025995, 3.228604, 0.027518, 0.039252, -0.066502, 0.037242, -0.004761, -0.011396, 0.036155, -0.012805, 0.01083, 3.587895, -0.05317, 0.104419, 0.027454, 0.025853, 0.007796, -0.001332, 0.019552, 0.008641, 0.028323, 1.225946, -0.011953, 0.041065, -0.038437, 0.035549, -0.002117, -0.004037, 0.029474, 0.000229, 0.008627, 1.666555, 0.060149, -0.014117, -0.010517, 0.001964, 0.000109, -0.001158, 0.004354, 0.000341, 0.005433, 0.735522, 0.010517, -0.004252, -0.045403, 0.012516, -0.000428, -0.001196, 0.010027, -0.000741, 0.004815]
par_REG: [4.970684, 0.0192614005, 0.010343993404000001, -0.23670397208000002, 0.7146633690007234, -0.0001790829744405, 0.007689227891810001, 0.7179564810773871, 0.019661580965898477, 0.009213163777211224, 0.646926, -0.002031994566, -0.018579714719999998, 0.0022610063699999997, 0.00850351162402155, -0.00398335888393552, 0.01026110182100817, 0.028124284712194955, 0.0007689361029464, 0.026534991901690206, 3.228604, 0.088844724872, 0.126729164208, -0.214708623208, 0.05649492601407083, -0.008248333140675744, -0.005487648106562256, 0.05287838199960611, -0.004377257121839584, 0.01824920229252011, 3.587895, -0.19076837715, 0.374644408005, 0.09850206933, 0.0676772702508599, 0.02771584317362585, 0.0039053550262760995, 0.03239943042445132, -0.0016444875773692705, 0.0775861490525396, 1.225946, -0.014653732538, 0.05034347249, -0.047121686402, 0.03942757095803552, -0.00151524447332703, -0.004600245517563105, 0.03146037232526039, 0.0021640520520981297, 0.010869510762828563, 1.666555, 0.10024161669500001, -0.023526756935, -0.017527158935000002, 0.00248046035817079, 0.0015241109028833152, -0.0001037589172186847, 0.01056776613310695, 9.356909731460494e-05, 0.011794560230238952, 0.735522, 0.007735484874, -0.0031274395439999996, -0.033394905366, 0.014045526761273585, -0.000395108718315752, -0.000844785780265778, 0.011624582982752355, -0.000882995137616232, 0.004909651967360946]
par_Dl: [0.004663606483788902, 0.004452453596455406, -0.011118765443214246, 0.0015958318092478294, 0.060746068164421, -0.08505388126875127, -0.01751892290418802, 0.19409605975876576, 0.002720889526430463, 0.007602875301085334, 0.0012105749098167851, -0.006309259982108216, 0.00020600185818423508, 0.0037774412906781893]
par_REG_red: [0.0661861669520289, -0.04420836610148462, -3.286415954840183, 0.9939528534377504, -0.0061261723427973635, 0.025340114175042658, 0.0023494253799869118, 1.0215263376058585, 0.7473062688483341, 0.02822469892842624, 0.021043299061419808, -0.038977787406251976, 0.025664572971970664, -0.024327677819861705, 0.03399777133383468, -0.47458111302764905, 1.8973305988047138, 0.6444831623185656, 0.15693804544191747, 0.012063017347497085, -0.016107956429402458, 0.758053687798868, -0.01640157739179406, 0.0675310134126746, 0.03776439002076758, -0.0015263703777974832, -0.008402966323330865, -0.0004969980638937855, 0.03320336461798902, 0.21260218680589846, -0.2064284578141069, 0.037611446296236035, 0.016635983900443678, -0.0038240395885106374, 0.0024096506710518766, 0.076858919475947, 0.005161703485660624, -0.0009492046175978619, 0.00326967025767056, -0.0004948602832042305, -0.0010288485890735351, -0.001691443905303884, 0.007565742197012239]
