d3q: [0, 0, 0, 0]
d4q: [0, 0, 0, 0]
ddq: [0, 0, 0, 0]
ddqr: [0, 0, 0, 0]
dq: [0, 0, 0, 0]
dqr: [0, 0, 0, 0]
par_DYN: [0.0446, 0, 0, 0, 5.44e-05, 4e-07, -1.12e-07, 9.19e-06, 1.07e-05, 4.8e-05, 0.0173, 0, 0, 0, 1.52e-05, -2.09e-08, -9.8e-09, 1.3323e-05, -2.04e-06, 2.85e-06, 0.0367, 0, 0, 0, 3.7e-06, 2.43e-07, 6.48e-07, 1.54e-05, -3.11e-08, 1.388e-05, 0.0348, 0, 0, 0, 2.94e-06, 1.244e-07, 3.52e-07, 1.13e-05, -3.11e-08, 1.06e-05]
par_Dl: [0.1, 0.01, 0.1, 0.01, 0.1, 0.01, 0.1, 0.01]
par_Ia: [0, 0, 0, 0]
par_Ln2EE: [0.049, 0, 0, 0, 0, 0]
par_REG: [0.0446, 0, 0, 0, 5.44e-05, 4e-07, -1.12e-07, 9.19e-06, 1.07e-05, 4.8e-05, 0.0173, 0, 0, 0, 1.52e-05, -2.09e-08, -9.8e-09, 1.3323e-05, -2.04e-06, 2.85e-06, 0.0367, 0, 0, 0, 3.7e-06, 2.43e-07, 6.48e-07, 1.54e-05, -3.11e-08, 1.388e-05, 0.0348, 0, 0, 0, 2.94e-06, 1.244e-07, 3.52e-07, 1.13e-05, -3.11e-08, 1.06e-05]
par_REG_red: [0, 0.0061272, 0.0004840998000000001, 0, 0, 7.882820000000001e-05, -2.09e-08, -9.8e-09, -2.0399999999999953e-06, 7.98012e-05, 0.0013223999999999998, 0, -6.19512e-05, 2.43e-07, 6.48e-07, -3.11e-08, 6.41312e-05, 0, 0, 0, -8.360000000000001e-06, 1.244e-07, 3.52e-07, -3.11e-08, 1.06e-05, 0]
par_gravity: [0, 0, -9.81]
par_world2L0: [0.002, 0.02671, -0.06342, 0, 0, -0.0872665]
q: [0, 0, 0, 0]
w: [0, 0, 0, 0, 0, 0]
