pipeline:
  loaders: [dh_loader, dyn_loader]
  builders: [kin_builder, dyn_builder, reg_builder, base_inertial_param_builder]
  generators: [robot_generator]
version: 1.0
PI: &1 3.14163267948966
PI_2: &2 1.5707963267948966
PI_2_neg: -1.5707963267948966
robot_generator:
  gen_python: true
  gen_casadi: false
  gen_robot: true
  copy_gen: false
dh_loader:
  num_joints: 4
  joints_type: [R, R, R, R]
  DH:
    symb: [0, 0, 0, 0, 0, 0, 0, 0, 0, 0, 0, 0, 0, 0, 0, 0]
    value: [0, 0, 0.017, *1, 0, *2, 0, *2, 0.0431, 0, 0, 0, 0.038, 0, 0, 0]
  Base_to_L0:
    symb: [1, 1, 1, 1, 1, 1]
    xyz: [0, 0, 0]
    ypr: [0, 0, 0]
  Ln_to_EE:
    symb: [1, 1, 1, 1, 1, 1]
    xyz: [0.04, 0, 0]
    ypr: [0, 0, 0]
dyn_loader:
  Dl_order: 2
  has_motor: true
  gravity:
    symb: [1, 1, 1]
    value: [0, 0, -9.81]
dynamics:
  link1:
    inertial:
      symb: [1, 1, 1, 1, 1, 1, 1, 1, 1, 1]
      mass: 0.0176
      CoM_x: 0.0
      CoM_y: 0.0
      CoM_z: 0.0
      Ixx: 1.2854008e-05
      Ixy: 2.04e-08
      Ixz: 1.89e-06
      Iyy: 1.225e-05
      Iyz: 1.51e-07
      Izz: 2.999e-06
    friction:
      symb: [1, 1]
      Dl: [0.1, 0.01]
    motor:
      symb: [1]
      Ia: 0
  link2:
    inertial:
      symb: [1, 1, 1, 1, 1, 1, 1, 1, 1, 1]
      mass: 0.086
      CoM_x: 0.0
      CoM_y: 0.0
      CoM_z: 0.0
      Ixx: 1.86e-05
      Ixy: 1.68e-06
      Ixz: -6.16e-06
      Iyy: 4.87e-05
      Iyz: 3.51e-07
      Izz: 5.57e-05
    friction:
      symb: [1, 1]
      Dl: [0.1, 0.01]
    motor:
      symb: [1]
      Ia: 0
  link3:
    inertial:
      symb: [1, 1, 1, 1, 1, 1, 1, 1, 1, 1]
      mass: 0.0367
      CoM_x: 0.0
      CoM_y: 0.0
      CoM_z: 0.0
      Ixx: 3.81e-06
      Ixy: 5.72e-09
      Ixz: -9.97e-07
      Iyy: 1.455e-05
      Iyz: 2.63e-08
      Izz: 1.29e-05
    friction:
      symb: [1, 1]
      Dl: [0.1, 0.01]
    motor:
      symb: [1]
      Ia: 0
  link4:
    inertial:
      symb: [1, 1, 1, 1, 1, 1, 1, 1, 1, 1]
      mass: 0.004
      CoM_x: 0.0
      CoM_y: 0.0
      CoM_z: 0.0
      Ixx: 1.17e-06
      Ixy: 5.09e-09
      Ixz: 0.0
      Iyy: 2.4e-06
      Iyz: 0.0
      Izz: 1.67e-06
    friction:
      symb: [1, 1]
      Dl: [0.1, 0.01]
    motor:
      symb: [1]
      Ia: 0
config_path: /home/thunder_dev/thunder_dynamics/robots/ahand/ahand_finger.yaml
