d3q: [0, 0, 0, 0]
d4q: [0, 0, 0, 0]
ddq: [0, 0, 0, 0]
ddqr: [0, 0, 0, 0]
dq: [0, 0, 0, 0]
dqr: [0, 0, 0, 0]
par_DYN: [0.0176, 0, 0, 0, 1.2854008e-05, 2.04e-08, 1.89e-06, 1.225e-05, 1.51e-07, 2.999e-06, 0.086, 0, 0, 0, 1.86e-05, 1.68e-06, -6.16e-06, 4.87e-05, 3.51e-07, 5.57e-05, 0.0367, 0, 0, 0, 3.81e-06, 5.72e-09, -9.97e-07, 1.455e-05, 2.63e-08, 1.29e-05, 0.004, 0, 0, 0, 1.17e-06, 5.09e-09, 0, 2.4e-06, 0, 1.67e-06]
par_Dl: [0.1, 0.01, 0.1, 0.01, 0.1, 0.01, 0.1, 0.01]
par_Ia: [0, 0, 0, 0]
par_Ln2EE: [0.04, 0, 0, 0, 0, 0]
par_REG: [0.0176, 0, 0, 0, 1.2854008e-05, 2.04e-08, 1.89e-06, 1.225e-05, 1.51e-07, 2.999e-06, 0.086, 0, 0, 0, 1.86e-05, 1.68e-06, -6.16e-06, 4.87e-05, 3.51e-07, 5.57e-05, 0.0367, 0, 0, 0, 3.81e-06, 5.72e-09, -9.97e-07, 1.455e-05, 2.63e-08, 1.29e-05, 0.004, 0, 0, 0, 1.17e-06, 5.09e-09, 0, 2.4e-06, 0, 1.67e-06]
par_REG_red: [0, 0, 0.00015002972700000003, 0.0017541700000000002, 0, -0.00010570472700000001, 1.68e-06, -6.16e-06, 3.51e-07, 0.000131304727, 0.000152, 0, -1.6516e-05, 5.72e-09, -9.97e-07, 2.63e-08, 1.8676000000000002e-05, 0, 0, 0, -1.2299999999999999e-06, 5.09e-09, 0, 0, 1.67e-06, 0]
par_gravity: [0, 0.0, -9.81]
par_world2L0: [0, 0, 0, 0, 0, 0]
q: [0, 0, 0, 0]
w: [0, 0, 0, 0, 0, 0]
