d3q: [0, 0, 0, 0, 0, 0, 0]
d4q: [0, 0, 0, 0, 0, 0, 0]
ddq: [0, 0, 0, 0, 0, 0, 0]
ddqr: [0, 0, 0, 0, 0, 0, 0]
dq: [0, 0, 0, 0, 0, 0, 0]
dqr: [0, 0, 0, 0, 0, 0, 0]
q: [0, 0, 0, 0, 0, 0, 0]
w: [0, 0, 0, 0, 0, 0]
par_Ln2EE: [0.0, 0.0, 0.0, 0.0, 0.0, 0.0]
par_DYN: [4.970684, 0.003875, 0.002081, -0.04762, 0.70337, -0.000139, 0.006772, 0.70661, 0.019169, 0.009117, 0.646926, -0.003141, -0.02872, 0.003495, 0.007962, -0.003925, 0.010254, 0.02811, 0.000704, 0.025995, 3.228604, 0.027518, 0.039252, -0.066502, 0.037242, -0.004761, -0.011396, 0.036155, -0.012805, 0.01083, 3.587895, -0.05317, 0.104419, 0.027454, 0.025853, 0.007796, -0.001332, 0.019552, 0.008641, 0.028323, 1.225946, -0.011953, 0.041065, -0.038437, 0.035549, -0.002117, -0.004037, 0.029474, 0.000229, 0.008627, 1.666555, 0.060149, -0.014117, -0.010517, 0.001964, 0.000109, -0.001158, 0.004354, 0.000341, 0.005433, 0.735522, 0.010517, -0.004252, -0.045403, 0.012516, -0.000428, -0.001196, 0.010027, -0.000741, 0.004815]
par_REG: [4.970684, 0.0192614005, 0.010343993404000001, -0.23670397208000002, 0.7146633690007234, -0.0001790829744405, 0.007689227891810001, 0.7179564810773871, 0.019661580965898477, 0.009213163777211224, 0.646926, -0.002031994566, -0.018579714719999998, 0.0022610063699999997, 0.00850351162402155, -0.00398335888393552, 0.01026110182100817, 0.028124284712194955, 0.0007689361029464, 0.026534991901690206, 3.228604, 0.088844724872, 0.126729164208, -0.214708623208, 0.05649492601407083, -0.008248333140675744, -0.005487648106562256, 0.05287838199960611, -0.004377257121839584, 0.01824920229252011, 3.587895, -0.19076837715, 0.374644408005, 0.09850206933, 0.0676772702508599, 0.02771584317362585, 0.0039053550262760995, 0.03239943042445132, -0.0016444875773692705, 0.0775861490525396, 1.225946, -0.014653732538, 0.05034347249, -0.047121686402, 0.03942757095803552, -0.00151524447332703, -0.004600245517563105, 0.03146037232526039, 0.0021640520520981297, 0.010869510762828563, 1.666555, 0.10024161669500001, -0.023526756935, -0.017527158935000002, 0.00248046035817079, 0.0015241109028833152, -0.0001037589172186847, 0.01056776613310695, 9.356909731460494e-05, 0.011794560230238952, 0.735522, 0.007735484874, -0.0031274395439999996, -0.033394905366, 0.014045526761273585, -0.000395108718315752, -0.000844785780265778, 0.011624582982752355, -0.000882995137616232, 0.004909651967360946]
par_Dl: [-9.63275624930267e-08, -1.9652326075735417e-08, 5.532157793239964e-08, 8.487738829675598e-09, 1.2537192126388115e-07, 3.105152740233723e-08, 1.063375919810785e-08, 3.0877867873179016e-08, 1.1110856170500408e-07, 1.272257209907335e-07, 2.2954939259035754e-08, -5.800924576997202e-09, 7.24374041278351e-08, 7.389864146423961e-08]
par_REG_red: [0.03733730304725048, -0.0020322006968294675, -3.10433970083446, 0.9896232819792362, -0.003983382683074156, 0.010261098669655744, 0.000768912299627963, 1.0357790236057525, 0.684157861318876, 0.028227109208340567, 0.011595852382023753, -0.00012191842571845704, -0.005487597758449936, -0.0043772317055216356, 0.12445458425841738, -0.49007929610420603, 1.7206829858630246, 0.540828866839102, 0.13876441685069402, 0.0039055746824380472, -0.0016443569516521727, 0.6325239183781037, -0.014653865345694718, 0.06787059493957782, 0.024231117159598227, -0.0015151816499255647, -0.004600393497430218, 0.002164045948858812, 0.027133039083568965, 0.16496749630937782, -0.06883258727151655, -0.0008842573725663611, 0.0055109282501035655, -0.00010380601367655734, 9.359711310653254e-05, 0.030389382450339397, 0.007735490627400875, -0.003127427984545713, 0.0024209455242812264, -0.00039510297072271395, -0.000844807214407456, -0.000883008651366368, 0.00490965600094777]
