d3q: [0, 0, 0, 0, 0, 0, 0]
d4q: [0, 0, 0, 0, 0, 0, 0]
ddq: [0, 0, 0, 0, 0, 0, 0]
ddqr: [0, 0, 0, 0, 0, 0, 0]
dq: [0, 0, 0, 0, 0, 0, 0]
dqr: [0, 0, 0, 0, 0, 0, 0]
q: [0, 0, 0, 0, 0, 0, 0]
w: [0, 0, 0, 0, 0, 0]
par_Ln2EE: [0.0, 0.0, 0.0, 0.0, 0.0, 0.0]
par_DYN: [4.970684, 0.003875, 0.002081, -0.04762, 0.70337, -0.000139, 0.006772, 0.70661, 0.019169, 0.009117, 0.646926, -0.003141, -0.02872, 0.003495, 0.007962, -0.003925, 0.010254, 0.02811, 0.000704, 0.025995, 3.228604, 0.027518, 0.039252, -0.066502, 0.037242, -0.004761, -0.011396, 0.036155, -0.012805, 0.01083, 3.587895, -0.05317, 0.104419, 0.027454, 0.025853, 0.007796, -0.001332, 0.019552, 0.008641, 0.028323, 1.225946, -0.011953, 0.041065, -0.038437, 0.035549, -0.002117, -0.004037, 0.029474, 0.000229, 0.008627, 1.666555, 0.060149, -0.014117, -0.010517, 0.001964, 0.000109, -0.001158, 0.004354, 0.000341, 0.005433, 0.735522, 0.010517, -0.004252, -0.045403, 0.012516, -0.000428, -0.001196, 0.010027, -0.000741, 0.004815]
par_REG: [4.970684, 0.0192614005, 0.010343993404000001, -0.23670397208000002, 0.7146633690007234, -0.0001790829744405, 0.007689227891810001, 0.7179564810773871, 0.019661580965898477, 0.009213163777211224, 0.646926, -0.002031994566, -0.018579714719999998, 0.0022610063699999997, 0.00850351162402155, -0.00398335888393552, 0.01026110182100817, 0.028124284712194955, 0.0007689361029464, 0.026534991901690206, 3.228604, 0.088844724872, 0.126729164208, -0.214708623208, 0.05649492601407083, -0.008248333140675744, -0.005487648106562256, 0.05287838199960611, -0.004377257121839584, 0.01824920229252011, 3.587895, -0.19076837715, 0.374644408005, 0.09850206933, 0.0676772702508599, 0.02771584317362585, 0.0039053550262760995, 0.03239943042445132, -0.0016444875773692705, 0.0775861490525396, 1.225946, -0.014653732538, 0.05034347249, -0.047121686402, 0.03942757095803552, -0.00151524447332703, -0.004600245517563105, 0.03146037232526039, 0.0021640520520981297, 0.010869510762828563, 1.666555, 0.10024161669500001, -0.023526756935, -0.017527158935000002, 0.00248046035817079, 0.0015241109028833152, -0.0001037589172186847, 0.01056776613310695, 9.356909731460494e-05, 0.011794560230238952, 0.735522, 0.007735484874, -0.0031274395439999996, -0.033394905366, 0.014045526761273585, -0.000395108718315752, -0.000844785780265778, 0.011624582982752355, -0.000882995137616232, 0.004909651967360946]
par_Dl: [-1.5215622219129434e-06, 4.450296685721072e-06, -1.9743356645355506e-06, -2.7617094755236416e-06, 6.769605660401041e-06, 1.7071395172808573e-06, 2.1526786352347127e-06, 1.7274500961439918e-06, 1.0885751324116267e-06, 2.08095096936397e-06, -2.8162022127456516e-07, -1.1167867801305e-06, 1.7106975374468618e-08, 1.105470529824568e-06]
par_REG_red: [0.03733130462071489, -0.0020440955824267545, -3.104389159198105, 0.9896420815351789, -0.0039827852378032415, 0.010264274400918448, 0.0007687488862537356, 1.0357889220274115, 0.684176048902462, 0.02822729650212576, 0.011601321926143283, -0.00013276574946778278, -0.005477869159962677, -0.004382209405947751, 0.12444598690318798, -0.49007566955224124, 1.7207339961745136, 0.540851568034031, 0.1387709429836373, 0.003905864729454618, -0.0016490843775507464, 0.632558726205838, -0.014654421669450314, 0.06787047683955667, 0.024234969217617603, -0.0015151870584603773, -0.004601428183205888, 0.002162887380086129, 0.027133373504366124, 0.16498119562774557, -0.06887204789487619, -0.0008731371474844644, 0.005514130413642588, -0.00010476755583615841, 9.428790151208605e-05, 0.03040282338470357, 0.007734778607461156, -0.0031267990944691903, 0.0024212588703833283, -0.0003951109718494855, -0.0008447801485061898, -0.0008831823954902164, 0.004910463681271159]
