d3q: [0, 0, 0, 0]
d4q: [0, 0, 0, 0]
ddq: [0, 0, 0, 0]
ddqr: [0, 0, 0, 0]
dq: [0, 0, 0, 0]
dqr: [0, 0, 0, 0]
q: [0, 0, 0, 0]
w: [0, 0, 0, 0, 0, 0]
par_Ln2EE: [0.04, 0.0, 0.0, 0.0, 0.0, 0.0]
par_gravity: [0.0, 0.0, -9.81]
par_DYN: [0.01760000000000001, 2.655720453348994e-20, -1.159855940284648e-13, 1.9802405105525423e-19, 0.00046592206893041104, 6.9708814307450935e-09, 6.372669257972535e-07, 0.00046561550841644675, 5.0897989932279716e-08, 0.00046095206481591814, 0.08910565664889765, -0.010750657243361309, 0.011876569411895431, -3.5183933068125864e-06, 0.00045426493003090907, -3.2844040064784023e-06, -2.3269503537419243e-06, 0.0004705893901543771, -8.531902179357955e-08, 0.0004678184199411354, 0.03557978601726679, 0.012370815102321608, 0.0039204228579561365, 1.6387924428176807e-06, 0.00046269312382056575, 4.811300348423464e-07, -9.223073399570598e-07, 0.0004656849888729308, 7.711253926498857e-08, 0.00046410107242539795, 0.028534113425632092, 0.02138767970658261, -0.0003736973815172237, 3.0067189719643384e-06, 0.0004689804656785559, -5.6274729745433134e-08, -4.042909842399729e-07, 0.00046281941820383083, -2.347195273933982e-07, 0.0004607122697216492]
par_REG: [0.01760000000000001, 4.674067997894232e-22, -2.0413464549009816e-15, 3.485223298572477e-21, 0.00046592206893041104, 6.9708814307450935e-09, 6.372669257972535e-07, 0.00046561550841644675, 5.0897989932279716e-08, 0.00046095206481591814, 0.08910565664889765, -0.0009579443730769373, 0.0010582695161831545, -3.135087459526219e-07, 0.00046683354249939837, 8.092688833104497e-06, -2.330320778812457e-06, 0.00048088792287058095, -8.159561341103695e-08, 0.0004906855629197344, 0.03557978601726679, 0.0004401509541997751, 0.00013948780638328083, 5.8307884442167e-08, 0.00046323997510067143, -1.2444478269536566e-06, -9.230286560145014e-07, 0.0004711300150400012, 7.688394770202244e-08, 0.00047009294968146495, 0.028534113425632092, 0.0006102784786587179, -1.0663123471074171e-05, 8.579406018503035e-08, 0.00046898445071783445, 1.7178473972564463e-07, -4.061259201199376e-07, 0.00047587185909516263, -2.3468746637775733e-07, 0.0004737686951363423]
par_Dl: [0.00412658586294945, 0.06300607001230142, 0.007893356613793617, 0.051028617264172876, 0.002580691698696541, 0.018777018308002998, 0.005413998421757077, 0.05763618499994588]
par_REG_red: [4.674067997894232e-22, 1.6940679928407814e-07, 0.0026068713691487187, 0.0018053646929120043, 0.0010582695161831545, -0.00013315300111530596, 8.092688833104497e-06, -2.3365315726258893e-06, -8.159561341103695e-08, 0.010929959995416084, 0.0015244472643737945, 0.00013948780638328083, -4.90932997259425e-05, -1.2444478269536566e-06, -9.262888303015326e-07, 7.688394770202244e-08, 0.0005112962094680777, 0.0014900584010359534, 0.0006102784786587179, -1.0663123471074171e-05, -6.887408377328173e-06, 1.7178473972564463e-07, -4.061259201199376e-07, -2.3468746637775733e-07, 0.0004737686951363423, 0.0013393494900868763]
par_Ia: [0.0005577276267963196, 0.010320175811752227, 0.0014900584010359534, 0.0013393494900868763]
