d3q: [0, 0, 0, 0, 0, 0, 0]
d4q: [0, 0, 0, 0, 0, 0, 0]
ddq: [0, 0, 0, 0, 0, 0, 0]
ddqr: [0, 0, 0, 0, 0, 0, 0]
dq: [0, 0, 0, 0, 0, 0, 0]
dqr: [0, 0, 0, 0, 0, 0, 0]
q: [0, 0, 0, 0, 0, 0, 0]
w: [0, 0, 0, 0, 0, 0]
par_Ln2EE: [0.0, 0.0, 0.0, 0.0, 0.0, 0.0]
par_DYN: [4.970684, 0.003875, 0.002081, -0.04762, 0.70337, -0.000139, 0.006772, 0.70661, 0.019169, 0.009117, 0.646926, -0.003141, -0.02872, 0.003495, 0.007962, -0.003925, 0.010254, 0.02811, 0.000704, 0.025995, 3.228604, 0.027518, 0.039252, -0.066502, 0.037242, -0.004761, -0.011396, 0.036155, -0.012805, 0.01083, 3.587895, -0.05317, 0.104419, 0.027454, 0.025853, 0.007796, -0.001332, 0.019552, 0.008641, 0.028323, 1.225946, -0.011953, 0.041065, -0.038437, 0.035549, -0.002117, -0.004037, 0.029474, 0.000229, 0.008627, 1.666555, 0.060149, -0.014117, -0.010517, 0.001964, 0.000109, -0.001158, 0.004354, 0.000341, 0.005433, 1.25, 0.005872, -0.000511, 0.042, 0.03, 0.0, 0.0, 0.03, 0.0, 0.01]
par_REG: [4.970684, 0.0192614005, 0.010343993404000001, -0.23670397208000002, 0.7146633690007234, -0.0001790829744405, 0.007689227891810001, 0.7179564810773871, 0.019661580965898477, 0.009213163777211224, 0.646926, -0.002031994566, -0.018579714719999998, 0.0022610063699999997, 0.00850351162402155, -0.00398335888393552, 0.01026110182100817, 0.028124284712194955, 0.0007689361029464, 0.026534991901690206, 3.228604, 0.088844724872, 0.126729164208, -0.214708623208, 0.05649492601407083, -0.008248333140675744, -0.005487648106562256, 0.05287838199960611, -0.004377257121839584, 0.01824920229252011, 3.587895, -0.19076837715, 0.374644408005, 0.09850206933, 0.0676772702508599, 0.02771584317362585, 0.0039053550262760995, 0.03239943042445132, -0.0016444875773692705, 0.0775861490525396, 1.225946, -0.014653732538, 0.05034347249, -0.047121686402, 0.03942757095803552, -0.00151524447332703, -0.004600245517563105, 0.03146037232526039, 0.0021640520520981297, 0.010869510762828563, 1.666555, 0.10024161669500001, -0.023526756935, -0.017527158935000002, 0.00248046035817079, 0.0015241109028833152, -0.0001037589172186847, 0.01056776613310695, 9.356909731460494e-05, 0.011794560230238952, 1.25, 0.007339999999999999, -0.00063875, 0.052500000000000005, 0.03220532640125, 3.7507399999999998e-06, -0.00030828, 0.03224810048, 2.68275e-05, 0.01004342688125]
par_Dl: [-0.0021159553505623097, 0.003765970020399704, 0.0011624190280478035, 0.0031719237785896087, -0.0003553461399653554, 0.004617089659655697, 0.009385646507461926, -0.023993953254300038, -0.0019864839083064997, 0.0033292757292940527, -0.0045612821509576655, 0.014842055416780856, -0.00014298793314951016, 0.0031869580482529886]
par_REG_red: [0.04319086058183416, -0.048852746051508834, -3.2491555268119288, 0.973838922978768, -0.01359057036054124, -0.09859635321935467, -0.008019359252979977, 1.0860598585178096, 0.7633129072492292, 0.028323900842667404, 0.04655895097065772, 0.012975541145767296, -0.0005188790069925386, 0.003853245062115983, 0.12662950071205378, -0.5192893360216362, 1.911435366725158, 0.6264679876642363, 0.15951282802641975, 0.00915323936638723, 0.004241866660684759, 0.7063119917305609, -0.015273446443836486, 0.06701152039677413, 0.041526099890014254, 0.0016614569950254242, -0.006409459841814812, 0.0004727613869800778, 0.031050951095732464, 0.20904970712531315, -0.2051075555805654, 0.031160213580457903, 0.017602497674249044, -0.002811223046795385, 0.0011009442960558935, 0.07722069905863381, 0.007482230234114277, -0.0004003747849705288, 0.0020805105235077656, -0.0003597546796830299, 0.000172254762826004, -0.001509780092724515, 0.006945888528114425]
