d3q: [0, 0, 0, 0]
d4q: [0, 0, 0, 0]
ddq: [0, 0, 0, 0]
ddqr: [0, 0, 0, 0]
dq: [0, 0, 0, 0]
dqr: [0, 0, 0, 0]
q: [0, 0, 0, 0]
w: [0, 0, 0, 0, 0, 0]
par_Ln2EE: [0.049, 0.0, 0.0, 0.0, 0.0, 0.0]
par_gravity: [0.0, 0.0, -9.81]
par_DYN: [0.04466445742614452, 0.00043529555455222, 0.001639904472374135, -1.5430584772413544e-15, 5.4279884469641224e-05, 4.31883415942096e-07, -1.1200000000003e-07, 9.181536879462226e-06, 1.0699999999999886e-05, 4.787142134910139e-05, 0.02148895107703569, -0.005330107233337744, -0.0025579277140864542, 0.0007889895473759149, 1.5046020949058299e-05, 2.720809824460476e-07, -1.001696111406032e-07, 1.2699121004465816e-05, -2.0833685332557717e-06, 2.098895891273743e-06, 0.04278745554629716, 0.011160780533800284, -0.0012508437912033385, 0.005093167059964543, 2.523132708743129e-06, -3.5432969646251073e-07, 3.0801981330468956e-06, 8.960343625548118e-06, -3.036884558809436e-07, 8.483319539310786e-06, 0.04872437533388927, 0.005098817245082058, -0.003530640885492234, 0.0058006935276530254, 6.931499571090475e-07, -7.527407185352122e-07, 1.7931050721849922e-06, 8.393786751807453e-06, -1.0289832820154636e-06, 8.725896695920114e-06]
par_REG: [0.04466445742614452, 1.94422397640876e-05, 7.324544348929854e-05, -6.891986966279786e-17, 5.440000000000035e-05, 3.999999999999985e-07, -1.12e-07, 9.190000000002072e-06, 1.07e-05, 4.800000000000037e-05, 0.02148895107703569, -0.00011453841357254883, -5.496718350659755e-05, 1.6954557783853567e-05, 1.5199999999986942e-05, -2.0899999958671143e-08, -9.800000058842555e-09, 1.332300000001573e-05, -2.0400000000203724e-06, 2.850000000008617e-06, 0.04278745554629716, 0.0004775414009519584, -5.352042311147465e-05, 0.0002179236591680979, 3.7000000001565894e-06, 2.429999999607904e-07, 6.479999999490607e-07, 1.5399999999838347e-05, -3.109999985421587e-08, 1.3880000000090683e-05, 0.04872437533388927, 0.0002484366852082855, -0.00017202827167389878, 0.0002826351686382282, 2.9399999999483715e-06, 1.2439999971732425e-07, 3.5200000026571845e-07, 1.1300000000065374e-05, -3.109999994334262e-08, 1.0600000000203576e-05]
par_Dl: [0.0026498968320397415, 0.06048890550289718, 0.00827209023958314, 0.018584934440565193, 0.004300276687586077, 0.02693574373504263, 0.003746437073528286, 0.08317854292004732]
par_REG_red: [1.94422397640876e-05, 0.007887253956321479, 0.001854234720301588, -0.00011453841357254883, -0.0005555260113129237, 9.893499798201103e-05, -2.0899999958671143e-08, -9.800000058842555e-09, -2.0400000000203664e-06, 0.00450559996255669, 0.0023290676636397506, -5.352042311147465e-05, -8.205799798181786e-05, 2.429999999607904e-07, -1.009213640830361e-05, -3.109999985421587e-08, 8.423799798222678e-05, 0.0023166436676357485, 0.0002484366852082855, -0.00017202827167389878, -8.360000000117004e-06, 1.2439999971732425e-07, 3.5200000026571845e-07, -3.109999994334262e-08, 1.0600000000203576e-05, 0.0017120466921216762]
par_Ia: [0.0012525752684290656, 0.004405691964574641, 0.0023166436676357485, 0.0017120466921216762]
