d3q: [0, 0, 0, 0]
d4q: [0, 0, 0, 0]
ddq: [0, 0, 0, 0]
ddqr: [0, 0, 0, 0]
dq: [0, 0, 0, 0]
dqr: [0, 0, 0, 0]
par_DYN: [0.6235385489583284, 0.01899379533384083, -0.00047561652548637283, 0.0, 5.4839649879078e-05, -5.235202957984322e-06, -1.1199996771691628e-07, -0.00021560122114664895, 1.0699996418010637e-05, -0.0001772062239652403, 0.14720124767093262, -0.004789526156905419, -0.0019791098120104226, -0.00011228303295208852, 0.00020665361147537744, 0.0007129375778437197, 0.0009771727671646596, 0.002391633170404519, -0.0007620378316926146, -1.1478842845569672e-06, 0.012514703067840353, 2.323915547714561e-05, -0.0005719385535384065, 0.00016825925070505115, 0.0027394842562883355, 0.00010655095213873704, -0.0010763762609917536, 4.997947036489666e-07, 0.0006004584880700662, -0.00019528331705815494, 0.06241358270432022, 9.02145609864849e-05, -0.000590877948467357, 0.0008417003681519938, 0.00046277831156098036, -0.0008404714877815302, 0.0009420563626131199, 0.0015045675190585063, -0.00038574328241378314, 0.0007634931052569778]
par_REG: [0.6235385489583284, 0.01184336358167458, -0.00029656523816237474, 0.0, 5.498070120723283e-05, 3.976964788035869e-07, -1.1199996771691628e-07, 9.349202787942127e-06, 1.0699996418010637e-05, 4.7885251297505584e-05, 0.14720124767093262, -0.0007050242260490447, -0.0002913274336057191, -1.652820254282387e-05, 0.00020723203629444508, 0.0007115422574802409, 0.000977093604906254, 0.0023950117582131436, -0.000762070542820442, 2.805416669713825e-06, 0.012514703067840353, 2.908311303438531e-07, -7.15764117058327e-06, 2.105714560991023e-06, 0.0027394887043252275, 0.00010655111847627305, -0.0010763763099267817, 5.001557682730533e-07, 0.0006004596924094064, -0.00019527921656854722, 0.06241358270432022, 5.630613963263916e-06, -3.687880970482645e-05, 5.2533535539911245e-05, 0.00046284431993260495, -0.0008404681607759029, 0.0009420516233232741, 0.0015046122445180775, -0.0003857122415060776, 0.0007635154040957649]
par_Dl: [0.002684319826775793, 0.060426930230782876, 0.00825985478685988, 0.018600863838365234, 0.004293407436427232, 0.027686321954471144, 0.003794981046675707, 0.08293827189722275]
par_REG_red: [0.01184336358167458, 0.015013844366868232, 0.0037634509868497853, -0.0007050242260490447, -0.0003459666837066214, -0.0005925421082073096, 0.0007115422574802409, 0.000977093604906254, -0.0007620705428204419, 0.0022815487499464934, 0.002372006973894512, -7.15764117058327e-06, 0.002648863335131916, 0.00010655111847627305, -0.0010783725842772984, 0.0006004596924094064, -0.00010515400314350883, 0.0023759763995686986, 5.630613963263916e-06, -3.687880970482645e-05, -0.0010417679245854725, -0.0008404681607759029, 0.0009420516233232741, -0.0003857122415060776, 0.0007635154040957649, 0.0011656411029907804]
par_Ia: [0.0002652761605674792, 0.0006835057195653905, 0.0023759763995686986, 0.0011656411029907804]
par_gravity: [0, 0, -9.81]
par_world2L0: [0.002, 0.02671, -0.06342, 0, 0, -0.0872665]
par_Ln2EE: [0.049, 0, 0, 0, 0, 0]
q: [0, 0, 0, 0]
w: [0, 0, 0, 0, 0, 0]