d3q: [0, 0, 0, 0]
d4q: [0, 0, 0, 0]
ddq: [0, 0, 0, 0]
ddqr: [0, 0, 0, 0]
dq: [0, 0, 0, 0]
dqr: [0, 0, 0, 0]
par_DYN: [0.017601182904188602, 0.0, -7.780753477617932e-11, 0.0, 5.341929016048977e-05, 1.5088099834685193e-08, 1.8899839280171186e-06, 2.1652927434157045e-05, 1.5099684320190764e-07, 6.634199917890169e-07, 0.11316725234100122, -0.012431942348682308, 0.012364835554109714, 5.002655202197631e-10, 0.0006635606485305871, 0.0011084588637073213, 7.930619182374424e-05, 0.001832466963895087, 0.00023148135785729375, 1.8044457887482974e-05, 0.01301734551964468, 0.0004446193676300944, -0.005529723919751071, -4.786794064371644e-08, 0.00315100553131826, 0.0015671443263606086, -0.00010408094798676505, 0.0007767985443773356, -9.837099736473162e-06, 0.00011953296276434929, 0.04841322557940495, 0.019491140575615483, -0.0012472417303027365, 1.16639260934387e-08, 1.2929422442790577e-05, -0.00019134685895979918, -4.2940841095481456e-05, 0.002155826061365363, -4.915080280556416e-05, -5.727046840215281e-05]
par_REG: [0.017601182904188602, 0.0, -1.3695046509195476e-12, 0.0, 5.341929016048977e-05, 1.5088099834685193e-08, 1.8899839280171186e-06, 2.1652927434157045e-05, 1.5099684320190764e-07, 6.63419991789017e-07, 0.11316725234100122, -0.0014068887568621101, 0.0013992944653069177, 5.661367436421218e-11, 0.000680862694485883, 0.0011258548118288471, 7.930619252756217e-05, 0.0018499573238114062, 0.000231481357157275, 5.283686375909797e-05, 0.01301734551964468, 5.78776393316686e-06, -7.198232689164361e-05, -6.231135226730997e-10, 0.003151403573713102, 0.0015671763310972718, -0.00010408094770971671, 0.0007768011177293054, -9.837103182118913e-06, 0.0001199335785111013, 0.04841322557940495, 0.0009436289854871652, -6.038299524119374e-05, 5.646882851031554e-10, 1.300473463426265e-05, -0.00019016992551117637, -4.29408521019002e-05, 0.0021742184665727252, -4.915080210126137e-05, -3.8802751003331563e-05]
par_Dl: [0.0034121722280318237, 0.06537772366838826, 0.007827662726050736, 0.05051640665877408, 0.0024931110795921355, 0.018658031583090356, 0.00530328233959091, 0.05742875565990909]
par_REG_red: [0.0, 4.4205855481261577e-13, 0.005826374173639558, 0.001240768857506929, 0.0013992944653069177, -0.0012832086725048288, 0.0011258548118288471, 7.930619504568992e-05, 0.000231481357157275, 0.0008531949613868253, 0.001845490335950555, -7.198232689164361e-05, 0.002304693758247136, 0.0015671763310972718, -0.00010408096916787155, -9.837103182118913e-06, 0.00018984227624776204, 9.951044333138013e-05, 0.0009436289854871652, -6.038299524119374e-05, -0.0021612137319384625, -0.00019016992551117637, -4.29408521019002e-05, -4.915080210126137e-05, -3.8802751003331563e-05, 0.00016264455407880149]
par_Ia: [0.0008407111046183655, 0.0006862440544484218, 9.951044333138013e-05, 0.00016264455407880149]
par_gravity: [0, 0, -9.81]
par_world2L0: [0, 0.0432, -0.0022, 0, 0, -0.0872665]
par_Ln2EE: [0.04, 0, 0, 0, 0, 0]
q: [0, 0, 0, 0]
w: [0, 0, 0, 0, 0, 0]