d3q: [0, 0, 0, 0, 0, 0, 0]
d4q: [0, 0, 0, 0, 0, 0, 0]
ddq: [0, 0, 0, 0, 0, 0, 0]
ddqr: [0, 0, 0, 0, 0, 0, 0]
dq: [0, 0, 0, 0, 0, 0, 0]
dqr: [0, 0, 0, 0, 0, 0, 0]
q: [0, 0, 0, 0, 0, 0, 0]
w: [0, 0, 0, 0, 0, 0]
par_Ln2EE: [0.0, 0.0, 0.0, 0.0, 0.0, 0.0]
par_DYN: [4.970684, 0.003875, 0.002081, -0.04762, 0.70337, -0.000139, 0.006772, 0.70661, 0.019169, 0.009117, 0.646926, -0.003141, -0.02872, 0.003495, 0.007962, -0.003925, 0.010254, 0.02811, 0.000704, 0.025995, 3.228604, 0.027518, 0.039252, -0.066502, 0.037242, -0.004761, -0.011396, 0.036155, -0.012805, 0.01083, 3.587895, -0.05317, 0.104419, 0.027454, 0.025853, 0.007796, -0.001332, 0.019552, 0.008641, 0.028323, 1.225946, -0.011953, 0.041065, -0.038437, 0.035549, -0.002117, -0.004037, 0.029474, 0.000229, 0.008627, 1.666555, 0.060149, -0.014117, -0.010517, 0.001964, 0.000109, -0.001158, 0.004354, 0.000341, 0.005433, 1.25, 0.005872, -0.000511, 0.042, 0.03, 0.0, 0.0, 0.03, 0.0, 0.01]
par_REG: [4.970684, 0.0192614005, 0.010343993404000001, -0.23670397208000002, 0.7146633690007234, -0.0001790829744405, 0.007689227891810001, 0.7179564810773871, 0.019661580965898477, 0.009213163777211224, 0.646926, -0.002031994566, -0.018579714719999998, 0.0022610063699999997, 0.00850351162402155, -0.00398335888393552, 0.01026110182100817, 0.028124284712194955, 0.0007689361029464, 0.026534991901690206, 3.228604, 0.088844724872, 0.126729164208, -0.214708623208, 0.05649492601407083, -0.008248333140675744, -0.005487648106562256, 0.05287838199960611, -0.004377257121839584, 0.01824920229252011, 3.587895, -0.19076837715, 0.374644408005, 0.09850206933, 0.0676772702508599, 0.02771584317362585, 0.0039053550262760995, 0.03239943042445132, -0.0016444875773692705, 0.0775861490525396, 1.225946, -0.014653732538, 0.05034347249, -0.047121686402, 0.03942757095803552, -0.00151524447332703, -0.004600245517563105, 0.03146037232526039, 0.0021640520520981297, 0.010869510762828563, 1.666555, 0.10024161669500001, -0.023526756935, -0.017527158935000002, 0.00248046035817079, 0.0015241109028833152, -0.0001037589172186847, 0.01056776613310695, 9.356909731460494e-05, 0.011794560230238952, 1.25, 0.007339999999999999, -0.00063875, 0.052500000000000005, 0.03220532640125, 3.7507399999999998e-06, -0.00030828, 0.03224810048, 2.68275e-05, 0.01004342688125]
par_Dl: [0.004663606483847295, 0.004452453596405784, -0.011118765443245884, 0.00159583180929023, 0.06074606816439934, -0.08505388126872905, -0.017518922904138732, 0.19409605975857044, 0.002720889526443438, 0.007602875301065934, 0.0012105749098136514, -0.006309259982095767, 0.00020600185818570114, 0.003777441290677645]
par_REG_red: [0.06618616695225185, -0.044208366101486894, -3.286415954840498, 0.9939528534369598, -0.006126172342790645, 0.02534011417508568, 0.002349425379733478, 1.0215263376045032, 0.7473062688483411, 0.028224698928419414, 0.02104329906180485, -0.03897778740626331, 0.025664572971994256, -0.024327677820067322, 0.03399777133370268, -0.47458111302763406, 1.8973305988047169, 0.6444831623185623, 0.15693804544193385, 0.01206301734772935, -0.01610795642950566, 0.7580536877989874, -0.016401577391798556, 0.06753101341267483, 0.037764390020714925, -0.0015263703777890175, -0.008402966323316932, -0.0004969980638920053, 0.03320336461794278, 0.21260218680589826, -0.2064284578141062, 0.03761144629625921, 0.016635983900448396, -0.0038240395885200187, 0.0024096506710435356, 0.07685891947592534, 0.0051617034856604295, -0.0009492046175979892, 0.003269670257670761, -0.0004948602832041512, -0.001028848589073202, -0.0016914439053035022, 0.007565742197015535]
