# This file were autogenerated on 2026-07-20 16:01:54.962597 from the parameters identification routine
d3q: [0, 0, 0, 0]
d4q: [0, 0, 0, 0]
ddq: [0, 0, 0, 0]
ddqr: [0, 0, 0, 0]
dq: [0, 0, 0, 0]
dqr: [0, 0, 0, 0]
q: [0, 0, 0, 0]
w: [0, 0, 0, 0, 0, 0]
par_Ln2EE: [0.04, 0.0, 0.0, 0.0, 0.0, 0.0]
par_gravity: [0.0, 0.0, -9.81]
par_DYN: [0.017600000054700478, -5.77942594003762e-24, 1.2801289546043912e-13, 0.017, 1.2854008002474212e-05, 2.039999943850948e-08, 1.8899999930212088e-06, 1.2250000008273777e-05, 1.5099999949696584e-07, 2.999000020648984e-06, 0.08602517973214761, 4.387765770076166e-05, 0.00045459514322285075, 7.2343054894136725e-06, 5.570092573294618e-05, -6.159326712887145e-06, 3.495805645534789e-07, 1.859907427112275e-05, 1.6799314605247233e-06, 4.8700000001973856e-05, 0.020848256813149058, -0.00012963352684614745, 0.0007168000217097067, 0.0010966841485224755, 1.2900128022706055e-05, -9.98604149141749e-07, 2.23351264772189e-08, 3.8098720014614412e-06, 8.811142724115084e-09, 1.455312417281888e-05, 0.04541751886950962, 0.0010113700459206455, -0.000999438106898651, 0.008896083991547376, 1.670350751103545e-06, -1.2768621048238422e-09, -2.5476263872722488e-09, 1.1696493707141364e-06, 8.309477257425232e-09, 2.399560903573053e-06]
par_REG: [0.017600000054700478, -1.0171789686079947e-25, 2.253026967106095e-15, 0.0002992000009299081, 1.794040801828265e-05, 2.039999943850948e-08, 1.8899999930212088e-06, 1.7336400024082216e-05, 1.5099999945866438e-07, 2.999000020648984e-06, 0.08602517973214761, 3.7745833899336726e-06, 3.910662890110712e-05, 6.223324299640733e-07, 5.5718707918655354e-05, -6.161042620163898e-06, 3.4955325806414084e-07, 1.859924439314361e-05, 1.6796485512245917e-06, 4.8717943305418066e-05, 0.020848256813149058, -2.702633059282735e-06, 1.4944030936274785e-05, 2.2863952771306273e-05, 1.2935914438982466e-05, -9.966669017061818e-07, 2.5299061312607078e-08, 3.835296887893545e-06, -7.57773911872696e-09, 1.4564186406373679e-05, 0.04541751886950962, 4.593391814465773e-05, -4.5391999078976457e-05, 0.0004040380625508454, 5.310073784965776e-06, 4.4631246088110475e-08, -4.111796202630094e-07, 4.8104620998518074e-06, 4.1212051360824093e-07, 2.491383586104168e-06]
par_Dl: [0.00476118239836446, 0.048761378880767675, 0.009802017703143075, 0.03959859444242379, 0.002427228677710216, 0.018712151918922337, 0.003738171851382911, 0.0727627438195949]
par_REG_red: [-1.0171789686079947e-25, -0.00042752434774986274, 0.0016692976137874346, 0.0028598295153125226, 3.910662890110712e-05, -8.597650404035185e-05, -6.161042620163898e-06, -1.8049923602320597e-05, 1.6796485512245917e-06, 0.010625033297700856, 0.0017231630839820828, 1.4944030936274785e-05, -5.648227969648297e-05, -9.966669017061818e-07, -1.5328147315619518e-05, -7.57773911872696e-09, 8.014708365394556e-05, 0.0021330261007472305, 4.593391814465773e-05, -4.5391999078976457e-05, 4.996116851139685e-07, 4.4631246088110475e-08, -4.111796202630094e-07, 4.1212051360824093e-07, 2.491383586104168e-06, 0.0015362284885004015]
par_Ia: [0.0014503747455724613, 0.010453219386829575, 0.0021330261007472305, 0.0015362284885004015]
