# This file were autogenerated on 2026-07-18 16:00:16.213790 from the parameters identification routine
d3q: [0, 0, 0, 0]
d4q: [0, 0, 0, 0]
ddq: [0, 0, 0, 0]
ddqr: [0, 0, 0, 0]
dq: [0, 0, 0, 0]
dqr: [0, 0, 0, 0]
q: [0, 0, 0, 0]
w: [0, 0, 0, 0, 0, 0]
par_Ln2EE: [0.04, 0.0, 0.0, 0.0, 0.0, 0.0]
par_gravity: [0.0, 0.0, -9.81]
par_DYN: [0.017600000043763043, 2.873556194963361e-25, 1.4332900024424904e-13, 0.017, 1.285400800197949e-05, 2.039999955078027e-08, 1.8899999944166276e-06, 1.2250000006619423e-05, 1.509999995975482e-07, 2.9990000165201922e-06, 0.0860238124971643, 5.328046642398136e-05, 0.0005164176183859382, 9.264405212890877e-06, 5.570072345211491e-05, -6.1594747355152175e-06, 3.498107908925178e-07, 1.8599276551140423e-05, 1.6799524543221496e-06, 4.870000000157916e-05, 0.024659642637269826, -0.00013265048827741177, 0.0009560389099552855, 0.001462703313965009, 1.290008376847355e-05, -9.98252417089578e-07, 2.3065034337782018e-08, 3.809916250859901e-06, 8.235412897175428e-09, 1.4552543188921842e-05, 0.03723955527426165, 0.0008774107947670152, -0.0008038580708643601, 0.008125082068776861, 1.670271334501341e-06, -9.99668052080551e-10, -2.0729706649665952e-09, 1.169728762965604e-06, 7.711224252451288e-09, 2.3996820651111804e-06]
par_REG: [0.017600000043763043, 5.0574589157110714e-27, 2.5225904105712964e-15, 0.00029920000074397173, 1.794040801462701e-05, 2.039999955078027e-08, 1.8899999944166276e-06, 1.7336400019266942e-05, 1.5099999955466416e-07, 2.9990000165201922e-06, 0.0860238124971643, 4.58338885341803e-06, 4.4424212374264096e-05, 7.969594569314763e-07, 5.572367228142325e-05, -6.161841678271036e-06, 3.497683285209315e-07, 1.8599528139591684e-05, 1.679540890417451e-06, 4.872318565262806e-05, 0.024659642637269826, -3.271113636580325e-06, 2.3575577866822326e-05, 3.606974100672741e-05, 1.2975382267943313e-05, -9.95125105174122e-07, 2.784970309436419e-08, 3.863109495385404e-06, -2.6248662977265706e-08, 1.4575516273508308e-05, 0.03723955527426165, 3.267438778996011e-05, -2.9935317062614675e-05, 0.0003025744428081281, 4.152777260456479e-06, 2.5265902283430785e-08, -2.675550530054331e-07, 3.65683980325539e-06, 2.5093813214105184e-07, 2.4524146718951613e-06]
par_Dl: [0.00476118239836446, 0.048761378880767675, 0.009802017703143075, 0.03959859444242379, 0.002427228677710216, 0.018712151918922337, 0.003738171851382911, 0.0727627438195949]
par_REG_red: [5.0574589157110714e-27, -0.0003394411432692644, 0.001661496611997777, 0.0026724388188404244, 4.4424212374264096e-05, -7.786042489060842e-05, -6.161841678271036e-06, -1.4245795993899341e-05, 1.679540890417451e-06, 0.010632989000189264, 0.0014118319867853623, 2.3575577866822326e-05, -4.466164504347591e-05, -9.95125105174122e-07, -1.1469979123614504e-05, -2.6248662977265706e-08, 6.834943408954214e-05, 0.0021422634512949902, 3.267438778996011e-05, -2.9935317062614675e-05, 4.95937457201089e-07, 2.5265902283430785e-08, -2.675550530054331e-07, 2.5093813214105184e-07, 2.4524146718951613e-06, 0.0015349439588315309]
par_Ia: [0.0014636196476945505, 0.010469281245504196, 0.0021422634512949902, 0.0015349439588315309]
