# This file were autogenerated on 2026-06-04 16:06:10.799788 from the parameters identification routine
d3q: [0, 0, 0, 0]
d4q: [0, 0, 0, 0]
ddq: [0, 0, 0, 0]
ddqr: [0, 0, 0, 0]
dq: [0, 0, 0, 0]
dqr: [0, 0, 0, 0]
q: [0, 0, 0, 0]
w: [0, 0, 0, 0, 0, 0]
par_Ln2EE: [0.04, 0.0, 0.0, 0.0, 0.0, 0.0]
par_gravity: [0.0, 0.0, -9.81]
par_DYN: [0.017600001094075977, 9.811374998418331e-24, -5.784061340474084e-13, 0.017, 1.2854008121283232e-05, 2.0400000007313184e-08, 1.8899999645239083e-06, 1.2250000123195702e-05, 1.5099999710041513e-07, 2.9990002137960892e-06, 0.086070570560376, 0.0006860992771089926, -0.0002614845040467723, 8.878287560912197e-05, 5.57006660559474e-05, -6.159049990306749e-06, 3.4919969761100265e-07, 1.8599334012723813e-05, 1.6796594011709122e-06, 4.8700000028666215e-05, 0.030182958434526494, 0.00021836411864439381, 0.0007197364347078989, 0.0020886883812589892, 1.2900036883710816e-05, -9.98207971152078e-07, 2.2493563787784927e-08, 3.809963406234524e-06, 7.851756851063538e-09, 1.4551240550719843e-05, 0.023366229721248723, 0.0005335762676295252, 0.0007906250291132487, 0.004687168682047241, 1.670776279806464e-06, -9.818684544806492e-10, -1.9481868292991065e-09, 1.169225266089136e-06, 5.586845732941225e-09, 2.4026129173996956e-06]
par_REG: [0.017600001094075977, 1.726802107065523e-25, -1.0179948592054644e-14, 0.0002992000185992916, 1.794040843747119e-05, 2.0400000007313184e-08, 1.8899999645239083e-06, 1.733640043938366e-05, 1.5099999727347425e-07, 2.9990002137960892e-06, 0.086070570560376, 5.9052956241832506e-05, -2.2506120456002636e-05, 7.641592759668017e-06, 5.5707229500272296e-05, -6.143608557331357e-06, 3.439568063426331e-07, 1.864052864589192e-05, 1.6816575592638014e-06, 4.874640122100034e-05, 0.030182958434526494, 6.5908751166357506e-06, 2.1723774892602804e-05, 6.30427945942185e-05, 1.3047349028591457e-05, -1.0029516641101306e-06, 8.72727950933885e-09, 3.943079369461505e-06, -3.752243936420168e-08, 1.4568315153645382e-05, 0.023366229721248723, 1.2467665643237974e-05, 1.847392605362913e-05, 0.00010952146016695845, 2.1987277862371027e-06, -1.0839116966639923e-08, -6.038623877052051e-08, 1.6892232746957596e-06, -8.100356190008581e-08, 2.423871316223654e-06]
par_Dl: [0.0039047345345394656, 0.058787615533890177, 0.007910836060466326, 0.050537868826391975, 0.0025691764328279578, 0.018550529525121345, 0.005294139187899605, 0.05743663546772726]
par_REG_red: [1.726802107065523e-25, -0.00018020584753102492, 0.0017036803230260592, 0.0023670229657557443, -2.2506120456002636e-05, -6.240680655566922e-05, -6.143608557331357e-06, -7.093562573864094e-06, 1.6816575592638014e-06, 0.011736406460333058, 0.0008945076045240872, 2.1723774892602804e-05, -2.4636566058353205e-05, -1.0029516641101306e-06, -4.153088206835082e-06, -3.752243936420168e-08, 4.830915087112854e-05, 0.001806562267055403, 1.2467665643237974e-05, 1.847392605362913e-05, 5.095045115413431e-07, -1.0839116966639923e-08, -6.038623877052051e-08, -8.100356190008581e-08, 2.423871316223654e-06, 0.0017011870932735586]
par_Ia: [0.0015431941483946812, 0.011588186551702007, 0.001806562267055403, 0.0017011870932735586]
