d3q: [0, 0, 0, 0, 0, 0, 0]
d4q: [0, 0, 0, 0, 0, 0, 0]
ddq: [0, 0, 0, 0, 0, 0, 0]
ddqr: [0, 0, 0, 0, 0, 0, 0]
dq: [0, 0, 0, 0, 0, 0, 0]
dqr: [0, 0, 0, 0, 0, 0, 0]
q: [0, 0, 0, 0, 0, 0, 0]
w: [0, 0, 0, 0, 0, 0]
par_Ln2EE: [0.0, 0.0, 0.0, 0.0, 0.0, 0.0]
par_DYN: [4.970684, 0.003875, 0.002081, -0.04762, 0.70337, -0.000139, 0.006772, 0.70661, 0.019169, 0.009117, 0.646926, -0.003141, -0.02872, 0.003495, 0.007962, -0.003925, 0.010254, 0.02811, 0.000704, 0.025995, 3.228604, 0.027518, 0.039252, -0.066502, 0.037242, -0.004761, -0.011396, 0.036155, -0.012805, 0.01083, 3.587895, -0.05317, 0.104419, 0.027454, 0.025853, 0.007796, -0.001332, 0.019552, 0.008641, 0.028323, 1.225946, -0.011953, 0.041065, -0.038437, 0.035549, -0.002117, -0.004037, 0.029474, 0.000229, 0.008627, 1.666555, 0.060149, -0.014117, -0.010517, 0.001964, 0.000109, -0.001158, 0.004354, 0.000341, 0.005433, 0.735522, 0.010517, -0.004252, -0.045403, 0.012516, -0.000428, -0.001196, 0.010027, -0.000741, 0.004815]
par_REG: [4.970684, 0.0192614005, 0.010343993404000001, -0.23670397208000002, 0.7146633690007234, -0.0001790829744405, 0.007689227891810001, 0.7179564810773871, 0.019661580965898477, 0.009213163777211224, 0.646926, -0.002031994566, -0.018579714719999998, 0.0022610063699999997, 0.00850351162402155, -0.00398335888393552, 0.01026110182100817, 0.028124284712194955, 0.0007689361029464, 0.026534991901690206, 3.228604, 0.088844724872, 0.126729164208, -0.214708623208, 0.05649492601407083, -0.008248333140675744, -0.005487648106562256, 0.05287838199960611, -0.004377257121839584, 0.01824920229252011, 3.587895, -0.19076837715, 0.374644408005, 0.09850206933, 0.0676772702508599, 0.02771584317362585, 0.0039053550262760995, 0.03239943042445132, -0.0016444875773692705, 0.0775861490525396, 1.225946, -0.014653732538, 0.05034347249, -0.047121686402, 0.03942757095803552, -0.00151524447332703, -0.004600245517563105, 0.03146037232526039, 0.0021640520520981297, 0.010869510762828563, 1.666555, 0.10024161669500001, -0.023526756935, -0.017527158935000002, 0.00248046035817079, 0.0015241109028833152, -0.0001037589172186847, 0.01056776613310695, 9.356909731460494e-05, 0.011794560230238952, 0.735522, 0.007735484874, -0.0031274395439999996, -0.033394905366, 0.014045526761273585, -0.000395108718315752, -0.000844785780265778, 0.011624582982752355, -0.000882995137616232, 0.004909651967360946]
par_Dl: [0.00813584494132713, -0.02948367974482946, -0.0007475525049532028, 0.01943004527953346, 0.0034050919975633295, -0.0037633977395237998, 0.006455208746633186, -0.012124793498181852, -0.000726584659640192, 0.005633160179971994, -0.0006327672203927416, 0.0038229509177109475, -0.00011556965459359227, 0.003500066158460136]
par_REG_red: [0.03028374621060201, -0.05309669120026003, -3.097024639959969, 0.9562253360271669, -0.0060625642776770405, -0.20370326471054856, 0.0034151877355992344, 0.9980694585103028, 0.7288666797367844, 0.027983676071748592, 0.0912203917258747, 0.006724107574989535, 0.008701124502721036, -0.013295061298819771, 0.11124889157204546, -0.4700868486495898, 1.7089536514842332, 0.5364085598979204, 0.14279620372131385, 0.008871808596304806, 0.002231480684080675, 0.6050436245054802, -0.01830194369467604, 0.06690414635077219, 0.03202973087491756, 1.9087891998600948e-05, -0.008720054688701465, 0.0019583518927221485, 0.023865822921983998, 0.16357476453294778, -0.06607876553368892, -0.0043847287450521355, 0.002872661318316489, -0.0011521047008729336, 0.0010028478184488099, 0.028292709569792157, 0.007863262364611642, -0.002957436840502564, 0.002230363835667369, -0.000364995440514557, -0.0013120513382602478, -0.000936702120444468, 0.004688841713200248]
