d3q: [0, 0, 0, 0, 0, 0, 0]
d4q: [0, 0, 0, 0, 0, 0, 0]
ddq: [0, 0, 0, 0, 0, 0, 0]
ddqr: [0, 0, 0, 0, 0, 0, 0]
dq: [0, 0, 0, 0, 0, 0, 0]
dqr: [0, 0, 0, 0, 0, 0, 0]
q: [0, 0, 0, 0, 0, 0, 0]
w: [0, 0, 0, 0, 0, 0]
par_Ln2EE: [0.0, 0.0, 0.0, 0.0, 0.0, 0.0]
par_DYN: [4.970684, 0.003875, 0.002081, -0.04762, 0.70337, -0.000139, 0.006772, 0.70661, 0.019169, 0.009117, 0.646926, -0.003141, -0.02872, 0.003495, 0.007962, -0.003925, 0.010254, 0.02811, 0.000704, 0.025995, 3.228604, 0.027518, 0.039252, -0.066502, 0.037242, -0.004761, -0.011396, 0.036155, -0.012805, 0.01083, 3.587895, -0.05317, 0.104419, 0.027454, 0.025853, 0.007796, -0.001332, 0.019552, 0.008641, 0.028323, 1.225946, -0.011953, 0.041065, -0.038437, 0.035549, -0.002117, -0.004037, 0.029474, 0.000229, 0.008627, 1.666555, 0.060149, -0.014117, -0.010517, 0.001964, 0.000109, -0.001158, 0.004354, 0.000341, 0.005433, 0.735522, 0.010517, -0.004252, -0.045403, 0.012516, -0.000428, -0.001196, 0.010027, -0.000741, 0.004815]
par_REG: [4.970684, 0.0192614005, 0.010343993404000001, -0.23670397208000002, 0.7146633690007234, -0.0001790829744405, 0.007689227891810001, 0.7179564810773871, 0.019661580965898477, 0.009213163777211224, 0.646926, -0.002031994566, -0.018579714719999998, 0.0022610063699999997, 0.00850351162402155, -0.00398335888393552, 0.01026110182100817, 0.028124284712194955, 0.0007689361029464, 0.026534991901690206, 3.228604, 0.088844724872, 0.126729164208, -0.214708623208, 0.05649492601407083, -0.008248333140675744, -0.005487648106562256, 0.05287838199960611, -0.004377257121839584, 0.01824920229252011, 3.587895, -0.19076837715, 0.374644408005, 0.09850206933, 0.0676772702508599, 0.02771584317362585, 0.0039053550262760995, 0.03239943042445132, -0.0016444875773692705, 0.0775861490525396, 1.225946, -0.014653732538, 0.05034347249, -0.047121686402, 0.03942757095803552, -0.00151524447332703, -0.004600245517563105, 0.03146037232526039, 0.0021640520520981297, 0.010869510762828563, 1.666555, 0.10024161669500001, -0.023526756935, -0.017527158935000002, 0.00248046035817079, 0.0015241109028833152, -0.0001037589172186847, 0.01056776613310695, 9.356909731460494e-05, 0.011794560230238952, 0.735522, 0.007735484874, -0.0031274395439999996, -0.033394905366, 0.014045526761273585, -0.000395108718315752, -0.000844785780265778, 0.011624582982752355, -0.000882995137616232, 0.004909651967360946]
par_Dl: [0.008135844940404036, -0.029483679742400182, -0.0007475525050784637, 0.019430045280373953, 0.003405091997643203, -0.0037633977399674067, 0.006455208746473075, -0.012124793497935049, -0.0007265846596229836, 0.005633160179955266, -0.000632767220378673, 0.003822950917676121, -0.0001155696545905062, 0.0035000661584548964]
par_REG_red: [0.03028374623356055, -0.05309669120382264, -3.0970246399933363, 0.9562253355072414, -0.006062564293082051, -0.20370326468163702, 0.003415187692616284, 0.9980694582287218, 0.7288666797382027, 0.02798367606616245, 0.09122039193777809, 0.0067241075575035225, 0.008701124519996217, -0.01329506134478202, 0.11124889156456688, -0.4700868486489657, 1.7089536514839332, 0.53640855989767, 0.14279620372130708, 0.008871808596540826, 0.002231480684183468, 0.6050436245090104, -0.01830194369463383, 0.06690414635076683, 0.03202973087487562, 1.9087891971761306e-05, -0.008720054688651703, 0.0019583518926937415, 0.023865822921982235, 0.16357476453294237, -0.06607876553368094, -0.004384728744974281, 0.0028726613183103792, -0.001152104700897303, 0.001002847818460384, 0.02829270956978011, 0.007863262364615892, -0.002957436840501291, 0.002230363835680345, -0.00036499544051416845, -0.0013120513382637172, -0.0009367021204417826, 0.0046888417131963935]
