# This file were autogenerated on 2026-07-18 15:22:24.848136 from the parameters identification routine
d3q: [0, 0, 0, 0]
d4q: [0, 0, 0, 0]
ddq: [0, 0, 0, 0]
ddqr: [0, 0, 0, 0]
dq: [0, 0, 0, 0]
dqr: [0, 0, 0, 0]
q: [0, 0, 0, 0]
w: [0, 0, 0, 0, 0, 0]
par_Ln2EE: [0.049, 0.0, 0.0, 0.0, 0.0, 0.0]
par_gravity: [0.0, 0.0, -9.81]
par_DYN: [0.04806855360802029, 0.003544603984066419, 0.0015624770506872585, -3.0231899842894076e-23, 5.439999998933767e-05, 3.999999972067611e-07, -1.1199999891962794e-07, 9.19000015494748e-06, 1.0699999952524785e-05, 4.800000006886083e-05, 0.042722193762175745, -1.6683122376329575e-07, -3.0290686836382227e-06, 0.0013886928207866953, 1.5200092036431595e-05, -2.0737889115771412e-08, -9.993789775550173e-09, 1.3322908157235318e-05, -2.039846432266939e-06, 2.850000492134437e-06, 0.06162066922286225, -1.1961099805209818e-05, 2.5276559243145247e-06, 4.247833332356132e-06, 3.7005306638612986e-06, 2.430867997980072e-07, 6.476961419096161e-07, 1.5399561780571758e-05, -3.0319481457030596e-08, 1.3880032499148644e-05, 0.05958005072776467, 2.1740754897692368e-06, 4.576474288789584e-07, 1.0300317934120703e-05, 2.9396982957165677e-06, 1.2307257351843943e-07, 3.531000178964265e-07, 1.1300394269004633e-05, -3.020122789024983e-08, 1.060078744990641e-05]
par_REG: [0.04806855360802029, 0.00017038398662729896, 7.510601187226192e-05, -1.453203698270454e-24, 5.451735140925673e-05, 1.3377892829700173e-07, -1.1199999891962794e-07, 9.793943912767722e-06, 1.0699999952524785e-05, 4.872129524660013e-05, 0.042722193762175745, -7.127395867196419e-09, -1.2940845922133078e-07, 5.932800376579159e-05, 1.5282480801319867e-05, -2.073791070514303e-08, -9.983892012078492e-09, 1.340529653132555e-05, -2.0396667236686692e-06, 2.8500008853106205e-06, 0.06162066922286225, -7.370509746384763e-07, 1.5575584962139347e-07, 2.617543326869659e-07, 3.7005321694472737e-06, 2.4308866280926974e-07, 6.476992727793138e-07, 1.5399571708400808e-05, -3.032014308192033e-08, 1.388004170878611e-05, 0.05958005072776467, 1.2953152796644096e-07, 2.7266657028039416e-08, 6.136934650270156e-07, 2.939704629432887e-06, 1.230725142386687e-07, 3.53098683680506e-07, 1.1300400871853756e-05, -3.020150874548622e-08, 1.0600787743996246e-05]
par_Dl: [0.000768695264867683, 0.08302645780918531, 0.008674630989771386, 0.016888329713765117, 0.0052150385892441075, 0.0217297151777956, 0.0037408645980652362, 0.07685243876252926]
par_REG_red: [0.00017038398662729896, 0.011445115061821439, 0.003402165482346847, -7.127395867196419e-09, -1.0048562569353125e-06, 0.00011461075010114106, -2.073791070514303e-08, -9.983892012078492e-09, -2.0396667236686624e-06, 0.004730448856965353, 0.002263304876680419, 1.5575584962139347e-07, -9.773263278984572e-05, 2.4308866280926974e-07, 6.243789211082872e-07, -3.032014308192033e-08, 9.991363495967829e-05, 0.003970525668587029, 1.2953152796644096e-07, 2.7266657028039416e-08, -8.360696242420869e-06, 1.230725142386687e-07, 3.53098683680506e-07, -3.020150874548622e-08, 1.0600787743996246e-05, 0.0016751011751878144]
par_Ia: [0.0025514146338625884, 0.004614865290248895, 0.003970525668587029, 0.0016751011751878144]
