# This file were autogenerated on 2026-06-04 15:56:27.433165 from the parameters identification routine
d3q: [0, 0, 0, 0]
d4q: [0, 0, 0, 0]
ddq: [0, 0, 0, 0]
ddqr: [0, 0, 0, 0]
dq: [0, 0, 0, 0]
dqr: [0, 0, 0, 0]
q: [0, 0, 0, 0]
w: [0, 0, 0, 0, 0, 0]
par_Ln2EE: [0.049, 0.0, 0.0, 0.0, 0.0, 0.0]
par_gravity: [0.0, 0.0, -9.81]
par_DYN: [0.051635470080899616, 0.005483134964723135, 0.0016218549195438597, -2.419224415394419e-26, 5.440000002966889e-05, 3.999999993931431e-07, -1.1199999983397614e-07, 9.19000006385646e-06, 1.0699999983386393e-05, 4.80000000337286e-05, 0.04183943209219846, -3.625572460294922e-06, -7.582904603159069e-06, 0.0013141640257972494, 1.5200096316937548e-05, -2.06869513959147e-08, -1.028039315929955e-08, 1.3322903903047943e-05, -2.039848490994021e-06, 2.8500002058565087e-06, 0.060780802027120356, -3.626822029792205e-06, -4.369730485067069e-06, 1.090952546811922e-05, 3.700624618760116e-06, 2.4275671041434863e-07, 6.473990627218287e-07, 1.539947186703083e-05, -2.983153462820625e-08, 1.3880441942350284e-05, 0.058843183526044715, -4.3990099042951775e-06, -2.972661283792856e-06, 2.265959370315374e-05, 2.9397597981498103e-06, 1.225900729509363e-07, 3.5364380502344224e-07, 1.1300336773121004e-05, -3.027768191536755e-08, 1.060132831552148e-05]
par_REG: [0.051635470080899616, 0.000283124251420496, 8.374524117366682e-05, -1.2491778992008038e-27, 5.453582266105479e-05, -5.9186460615361e-08, -1.1199999983397614e-07, 1.0742408546181247e-05, 1.0699999983386393e-05, 4.9688231147439286e-05, 0.04183943209219846, -1.516918927478543e-07, -3.1726442220549297e-07, 5.498387651535416e-05, 1.5272356555238753e-05, -2.068810166106648e-08, -1.0081045130845226e-08, 1.3395162285533249e-05, -2.039431553503693e-06, 2.850003161612305e-06, 0.060780802027120356, -2.204411517803988e-07, -2.6559572352473415e-07, 6.630897076875818e-07, 3.7006330133358994e-06, 2.4275574714592754e-07, 6.474014676301882e-07, 1.539947990052571e-05, -2.982863710489623e-08, 1.3880443902432838e-05, 0.058843183526044715, -2.5885174713132955e-07, -1.749208534829907e-07, 1.3333626309002827e-06, 2.9397905315857346e-06, 1.2258930347236936e-07, 3.536496704988616e-07, 1.1300368125267879e-05, -3.027371827989742e-08, 1.0601329974193329e-05]
par_Dl: [0.002855745299480128, 0.061432487449487184, 0.008691427743447042, 0.01772327094759181, 0.0044802117547523695, 0.027091924500470592, 0.004229766597119475, 0.08253442412330293]
par_REG_red: [0.000283124251420496, 0.011279704935219105, 0.002838501761762475, -1.516918927478543e-07, -2.3137167607933575e-06, 0.00011354659930710766, -2.068810166106648e-08, -1.0081045130845226e-08, -2.0394315535036864e-06, 0.004833267620672527, 0.0022358205328379187, -2.6559572352473415e-07, -9.666840389879838e-05, 2.4275574714592754e-07, 5.967336876559775e-07, -2.982863710489623e-08, 9.88500009140414e-05, 0.00404444838931772, -2.5885174713132955e-07, -1.749208534829907e-07, -8.360577593682145e-06, 1.2258930347236936e-07, 3.536496704988616e-07, -3.027371827989742e-08, 1.0601329974193329e-05, 0.0022083366686574215]
par_Ia: [0.0019991032619608076, 0.004718748212473513, 0.00404444838931772, 0.0022083366686574215]
