version: 0.2
PI: &1 3.14163267948966
PI_2: &2 1.5707963267948966
PI_2_neg: -1.5707963267948966
num_joints: 4
type_joints: [R, R, R, R]
kinematics:
  symb: [0, 0, 0, 0, 0, 0, 0, 0, 0, 0, 0, 0, 0, 0, 0, 0]
  DH: [0, 0, 0.017, *1, 0, *2, 0, *2, 0.0431, 0, 0, 0, 0.038, 0, 0, 0]
gravity:
  symb: [1, 1, 1]
  value: [0, 0, -9.81]
Base_to_L0:
  symb: [1, 1, 1, 1, 1, 1]
  tr: [0, 0.0432, -0.0022]
  ypr: [0, 0, -0.0872665]
Ln_to_EE:
  symb: [1, 1, 1, 1, 1, 1]
  tr: [0.04, 0, 0]
  ypr: [0, 0, 0]
dynamics:
  link1:
    inertial:
      symb: [1,1,1,1,1,1,1,1,1,1]
      mass: 0.0176
      CoM_x: -5.898936636862373e-26
      CoM_y: 1.8824575155131116e-26
      CoM_z: -0.025000000244999997
      Ixx: 1.2854007999999996e-05
      Ixy: 2.04e-08
      Ixz: 1.89e-06
      Iyy: 1.2249999999999998e-05
      Iyz: 1.51e-07
      Izz: 2.999e-06
      friction:
        symb: [1, 1]
        Dl: [0.1, 0.01]
  link2:
    inertial:
      symb: [1,1,1,1,1,1,1,1,1,1]
      mass: 0.086
      CoM_x: -0.04972718830831614
      CoM_y: 0.004738495309179911
      CoM_z: -8.763950774299286e-06
      Ixx: 1.8599998752807196e-05
      Ixy: 1.680000000029376e-06
      Ixz: -6.159999996667949e-06
      Iyy: 4.869999875289525e-05
      Iyz: 3.5100001099507794e-07
      Izz: 5.5699999999894153e-05
      friction:
        symb: [1, 1]
        Dl: [0.1, 0.01]
  link3:
    inertial:
      symb: [1,1,1,1,1,1,1,1,1,1]
      mass: 0.0367
      CoM_x: -0.0072073965234511865
      CoM_y: -0.004240440198158563
      CoM_z: -0.006877592144982881
      Ixx: 3.742231745172377e-06
      Ixy: 2.1107693368636737e-08
      Ixz: -9.720279118897961e-07
      Iyy: 1.4488185781620943e-05
      Iyz: 5.656643025974647e-08
      Izz: 1.2868653947954174e-05
      friction:
        symb: [1, 1]
        Dl: [0.1, 0.01]
  link4:
    inertial:
      symb: [1,1,1,1,1,1,1,1,1,1]
      mass: 0.0057
      CoM_x: 0.04065131311696673
      CoM_y: -0.0020823046114050573
      CoM_z: 0.0020396096755919994
      Ixx: 1.1694316832522812e-06
      Ixy: 5.089688094576451e-09
      Ixz: 8.775047702109669e-11
      Iyy: 2.3994181412214533e-06
      Iyz: -2.020032738636074e-12
      Izz: 1.6699864436089296e-06
      friction:
        symb: [1, 1]
        Dl: [0.1, 0.01]
